tt1341188, 5.4, 2010, 5.4, 30,212,620
tt1255953, 8.2, 2010, 8.2, 6,857,096
tt1228987, 7.2, 2010, 7.2, 12,134,420
tt0878835, 6.6, 2010, 6.6, 4,033,268
tt1608285, 6.3, 2010, 6.3, 15,595
tt1470827, 6.4, 2010, 6.4, 237,301
tt1626811, 7.8, 2010, 7.8, 20,019
tt1509803, 6.1, 2010, 6.1, 20,906
tt1695994, 4.6, 2010, 4.6, 535,249
tt1462758, 7, 2010, 7.0, 200,000
tt1440292, 7.3, 2010, 7.3, 400,000
tt1216492, 6.5, 2010, 6.5, 25,893,485
tt0947798, 8, 2010, 8.0, 106,952,327
tt1361313, 5.9, 2010, 5.9, 453,079
tt1486190, 6.2, 2010, 6.2, 560,101
tt1433108, 6.5, 2010, 6.5, 23,225,911
tt1562847, 5.8, 2010, 5.8, 183,490
tt1375670, 6, 2010, 6.0, 162,001,186
tt0872230, 4.8, 2010, 4.8, 14,637,490
tt1250777, 7.7, 2010, 7.7, 20,000,000
tt1320253, 6.5, 2010, 6.5, 102,981,571
tt1285016, 7.7, 2010, 7.7, 96,400,000
tt1226753, 6.9, 2010, 6.9, 31,146,570
tt0935075, 7, 2010, 7.0, 2,221,809
tt1375666, 8.8, 2010, 8.8, 292,568,851
tt1172991, 6.8, 2010, 6.8, 4,439,063
tt1403981, 7.2, 2010, 7.2, 18,242,661
tt2011971, 7.5, 2011, 7.5, 2,009,041
tt1416801, 7.1, 2011, 7.1, 1,187,711
tt1609113, 7.2, 2011, 7.1, 33,320
tt1700844, 6.3, 2011, 6.3, 1,124,786
tt1284575, 5.7, 2011, 5.7, 100,292,856
tt1396218, 6, 2011, 6.0, 68,100,000
tt1270262, 7.1, 2011, 7.1, 1,357,042
tt1656170, 5.2, 2011, 5.2, 4,975
tt1204340, 7.6, 2011, 7.6, 22,088
tt1567233, 7.8, 2011, 7.8, 1,000,000
tt1640711, 5.7, 2011, 5.7, 3,461,533
tt1389137, 7.1, 2011, 7.1, 72,700,000
tt1450330, 6, 2011, 6.0, 7,556
tt1185371, 7.6, 2011, 7.6, 7,000
tt1564367, 6.4, 2011, 6.4, 103,028,109
tt1832370, 6.2, 2011, 6.2, 69,394
tt1563738, 7, 2011, 7.0, 13,766,014
tt1053810, 6.2, 2011, 6.2, 7,100,000
tt1740710, 5.8, 2011, 5.8, 399,429
tt1581845, 7.8, 2011, 7.8, 193,082
tt0893412, 5.5, 2011, 5.5, 3,016,244
tt1508675, 7.2, 2011, 7.2, 332,068
tt1411238, 6.2, 2011, 6.2, 70,300,000
tt1948150, 6.7, 2011, 6.7, 287,458
tt1655420, 7, 2011, 7.0, 12,600,000
tt1727300, 6.1, 2011, 6.2, 14,174
tt1462014, 7.5, 2011, 7.5, 47,139
tt1691920, 6, 2011, 6.0, 4,176
tt1316616, 5.8, 2011, 5.8, 1,065,439
tt1788391, 6.3, 2011, 6.4, 26,297
tt0472181, 5.5, 2011, 5.5, 142,614,158
tt0471042, 6.2, 2011, 6.2, 78,009,155
tt1704573, 6.8, 2011, 6.8, 5,900,000
tt1719071, 6.1, 2011, 6.1, 8,464
tt1206483, 5.2, 2011, 5.2, 134,906
tt1605630, 6.7, 2012, 6.7, 55,300,000
tt1582507, 5.6, 2012, 5.6, 31,600,000
tt2281267, 7.3, 2012, 7.3, 58,978
tt2099788, 6.1, 2012, 6.1, 3,629
tt2125666, 7.1, 2012, 7.1, 2,401,652
tt1374992, 6.4, 2012, 6.4, 69,311
tt1673697, 7.1, 2012, 7.1, 2,400,000
tt2400336, 6.8, 2012, 6.9, 81,432
tt1817676, 5.6, 2012, 5.6, 2,600,000
tt2237822, 6.3, 2012, 6.3, 342,212
tt1389096, 6.5, 2012, 6.5, 3,301,046
tt1736049, 6.9, 2012, 6.9, 230,522
tt1780762, 4.8, 2012, 4.8, 40,179
tt1446192, 7.3, 2012, 7.3, 98,800,000
tt1995341, 6.5, 2012, 6.5, 57,216
tt1714203, 3.8, 2012, 3.8, 370,904
tt0903624, 7.9, 2012, 7.9, 303,001,229
tt1935179, 7.4, 2012, 7.4, 21,589,307
tt2343266, 7, 2012, 7.0, 199,659
tt2094155, 5.5, 2012, 5.5, 29,634
tt1183919, 8, 2012, 8.0, 1,412,124
tt2366450, 7.6, 2012, 7.6, 1,599,038
tt2263058, 7.6, 2012, 7.6, 31,105
tt2186933, 6.6, 2012, 6.6, 140,057
tt2103217, 6.1, 2012, 6.1, 20,551
tt1815852, 6.7, 2012, 6.7, 3,376,905
tt2204371, 7, 2012, 7.0, 170,561
tt1980929, 7.4, 2013, 7.4, 12,078,174
tt2276069, 6.1, 2013, 6.1, 46,874
tt2222206, 6.4, 2013, 6.4, 15,428
tt1206543, 6.8, 2013, 6.8, 8,314,341
tt0795461, 3.5, 2013, 3.5, 32,014,289
tt2505938, 7.3, 2013, 7.3, 136,742
tt0481499, 7.2, 2013, 7.2, 187,165,546
tt2232578, 4.9, 2013, 4.9, 8,462
tt1564870, 5.6, 2013, 5.6, 317,903
tt2306745, 7.8, 2013, 7.8, 419,361
tt0848537, 6.7, 2013, 6.7, 107,515,297
tt2309021, 5.9, 2013, 5.9, 54,371
tt1723121, 7, 2013, 7.0, 144,900,000
tt2479800, 6.3, 2013, 6.3, 406,235
tt2388637, 6.4, 2013, 6.4, 200,000
tt2007360, 6.3, 2013, 6.3, 101,218
tt2265398, 6.1, 2013, 6.1, 200,000
tt1480295, 5.4, 2013, 5.4, 27,713
tt2914838, 6, 2013, 6.0, 24,068
tt0993846, 8.2, 2013, 8.2, 91,330,760
tt0765446, 6, 2013, 5.9, 54,700,000
tt2537176, 5.7, 2013, 5.7, 441
tt2194499, 7.8, 2013, 7.8, 18,472,384
tt2304771, 7.1, 2013, 7.1, 4,733,032
tt1235522, 6.2, 2013, 6.2, 19,600,000
tt2172584, 6.2, 2014, 6.2, 338,190
tt3608848, 7.2, 2014, 7.2, 21,500
tt2955096, 5.5, 2014, 5.5, 28,853
tt3713166, 5.6, 2014, 5.6, 31,354,666
tt2639344, 6.7, 2014, 6.7, 1,932,818
tt2345737, 6.4, 2014, 6.4, 709,133
tt1408253, 6.2, 2014, 6.2, 110,374,905
tt2800400, 6.1, 2014, 6.1, 5,726
tt2713180, 7.6, 2014, 7.6, 72,609,225
tt1706598, 6.1, 2014, 6.1, 97,020
tt3687186, 6.4, 2014, 6.5, 80,013
tt2465146, 5.8, 2014, 5.8, 10,482,672
tt4003774, 7, 2014, 7.0, 5,833,665
tt3210686, 5.7, 2014, 5.7, 46,305,287
tt2246565, 7.5, 2014, 7.5, 177,476
tt1638355, 7.3, 2015, 7.3, 38,140,180
tt3312830, 7.3, 2015, 7.3, 1,882,275
tt1798684, 7.4, 2015, 7.4, 42,373,328
tt3526706, 6.4, 2015, 6.4, 25,676
tt0369610, 7, 2015, 7.0, 528,757,749
tt3732950, 5.3, 2015, 5.3, 2,457
tt1018765, 6.1, 2015, 6.1, 4,895,965
tt3343784, 5.7, 2015, 5.7, 55,506
tt3850214, 7.3, 2015, 7.3, 11,674,449
tt4145178, 8.2, 2015, 8.2, 249,756
tt1517471, 6.2, 2015, 6.2, 1,148,304
tt3530002, 6.4, 2015, 6.4, 31,315,980
tt1683048, 7.4, 2015, 7.4, 163,359
